$ANSIBLE_VAULT;1.2;AES256;filter_default
38653532666261343835643738326330356130616439343733316431626666643438306639303034
3636663262393034353536363264373732326535663465350a323261353064383135623733633062
66653837363936633138316161626465383737613930653537303065376434356632306130616566
3761656261326562370a383234343537633239343664353934616538366332666361343365653539
32356463356538326638653134393335623632303732316535666434616636373437616634393834
63366434626438653633353839623834656536363832343762643363393938636263316338666337
65656434353835613734313861663237356539303336383561316337323930336638353361303732
61393462323662653333393239306330353261393631303538346238316465663164633237393765
33623437316361333763663330633234623039643530363631373336383463353233646437323737
61623637303637373765323964616234633935386434653664313738616139373331363535333635
62386162656236663063313663373334333338643131373533343337346265336131373034656535
37356166623534303438393433383934383934363538633633326138386366333661363934633261
31663432363438363764316439656534366435646263353735623965336430346262366236313535
66333939316233663634386664393431356636306337616261363636616236386237633833643539
62376134656335373365363339643539633237373137636666323437646631643631663639336237
65633937646534383765643531666638373164623931623534623166363062373439323165623163
6539
